0,518
0,517
0,516
0,388
67,5
50,5
69,21
69,6
49,4
65,5
50,1
50,6
50,3
0,423
0,273
0,270
49,3
98,3
98,1
98,5
92,1
92,3
91,1
91,3
86,1
86,3
93,1
93,3
71,1
71,3
90,1
90,3
79,1
79,3
83,1
83,3
84,1
84,3
85,1
85,3
77,1
77,3
78,1
78,3
69,195
69,3
75,1
75,3
70,1
70,3
0,397
10,155
10,9
10,223
10,297
10,195
10,77
10,119
10,161
10,2
10,3
9,7
8,15
8,13
97,3
97,1
96,3
96,1
95,3
95,1
94,3
94,1
89,3
89,1
88,3
88,1
87,3
87,1
82,3
82,1
81,3
81,1
80,3
80,1
76,3
76,1
74,3
74,1
73,3
73,1
69,16
69,1
68,3
68,1
67,3
67,1
66,3
66,1
65,3
65,1
49,12
49,11
49,10
49,9
49,8
49,7
49,1
49,0
20,3
20,2
20,1
19,3
19,2
19,1
14,14
14,12
14,11
14,9
14,7
14,6
14,4
12,3
12,2
12,1
11,28
11,27
11,26
11,25
11,24
11,23
11,22
11,21
11,20
